16 0.5010271460014674 0.4673842841765339 0.05648569332355099 0.06415500538213133
11 0.5636757153338224 0.505048439181916 0.05559794570799707 0.09210979547900969
8 0.6955759354365371 0.5026803013993542 0.05234776228906823 0.08306781485468245
8 0.8352604548789435 0.4105597416576965 0.049977989728539986 0.08829924650161464
3 0.7595524578136463 0.36494079655543593 0.0628980190755686 0.08315392895586653
13 0.6272046955245781 0.45769644779332613 0.06233308877476155 0.08353067814854682
11 0.9042186353631695 0.6516038751345533 0.0528980190755686 0.08814854682454253
18 0.9627659574468085 0.6931431646932185 0.04379310344827586 0.09801937567276642
3 0.8874908290535584 0.15315392895586652 0.060535583272193695 0.1073950484391819
5 0.8337931034482758 0.10365984930032293 0.041173881144534116 0.1031216361679225
0 0.8952677916360968 0.06578040904198063 0.06140865737344094 0.07904198062432724
11 0.9618855465884079 0.11657696447793325 0.047901687454145275 0.0944994617868676
4 0.9639325018341892 0.028557588805166848 0.04614086573734409 0.05710441334768568
8 0.501907556859868 0.06814854682454252 0.05237710931768159 0.08807319698600645
4 0.5682245047688922 0.313713670613563 0.044152604548789436 0.07544671689989237
11 0.6938224504768892 0.02984930032292788 0.04882611885546588 0.05452099031216361
3 0.9711665443873808 0.608783638320775 0.05766691122523844 0.08429494079655543