15 0.15165077035950109 0.5361248654467169 0.06485693323550991 0.08733046286329386
15 0.40107116654438735 0.5396555435952637 0.06359501100513573 0.0889881593110872
15 0.6305649303008071 0.8430893433799785 0.059728539985326484 0.10383207750269106
8 0.8993617021276595 0.5519052744886975 0.0507483492296405 0.09735199138858988
8 0.1702274394717535 0.6010548977395048 0.05065297138664711 0.09877287405812703
16 0.3656859867938371 0.8553498385360603 0.046045487894350694 0.07454251883745963
3 0.7017754952311078 0.39501614639397203 0.05542186353631695 0.08498385360602799
13 0.8342773294203961 0.2215177610333692 0.05079236977256053 0.08243272335844995
0 0.8475862068965517 0.6326264800861141 0.04622890682318415 0.0946286329386437
18 0.7702274394717534 0.7427664155005382 0.051093176815847394 0.10770721205597417
5 0.8338371239911959 0.030947255113024756 0.052795304475421856 0.06189451022604951