0 0.8915187087307411 0.06670613562970937 0.06623624358033749 0.08497308934337998
0 0.8915994130594277 0.26217438105489776 0.06822450476889215 0.08840688912809472
0 0.5074541452677916 0.1642626480086114 0.06479823917828319 0.08903121636167922
0 0.5667057960381511 0.19745963401506997 0.04024211298606016 0.12311087190527449
0 0.2249743213499633 0.5533046286329386 0.06659574468085105 0.09207750269106567
8 0.16402054292002935 0.20973089343379978 0.04556859867938371 0.09653390742734123
13 0.42799706529713866 0.4031001076426265 0.06545854732208364 0.09844994617868676
13 0.7592296404988994 0.257534983853606 0.06761555392516508 0.09794402583423036
14 0.2962509170946442 0.6944994617868676 0.06608950843727072 0.09997847147470398
1 0.11305209097578871 0.3503552206673843 0.06468818782098312 0.10866523143164694
12 0.7663242846661775 0.34727664155005383 0.05492296404988995 0.11654467168998923
3 0.5801467351430668 0.031033369214208826 0.06528246515040352 0.06206673842841765