5 0.5784666177549523 0.10878363832077503 0.06559060895084373 0.10185145317545749
4 0.3701980924431401 0.16694294940796556 0.04523844460748349 0.0836275565123789
0 0.3579090242112986 0.2577825618945102 0.06650770359501101 0.0903767491926803
8 0.5650403521643433 0.30559741657696443 0.051570066030814384 0.09989235737351991
3 0.7803521643433602 0.24814854682454252 0.08234776228906823 0.11955866523143165
2 0.7577916360968451 0.4468568353067815 0.07391049156272927 0.1106243272335845
5 0.8303741746148202 0.5981700753498386 0.055840058694057226 0.09838536060279872
0 0.8940865737344095 0.6511302475780408 0.06402787967718268 0.09128094725511302
0 0.7004842259721203 0.030947255113024756 0.042545854732208364 0.06189451022604951
4 0.6352604548789436 0.06920344456404737 0.04710931768158474 0.0818837459634015
6 0.7032648569332355 0.10143164693218515 0.04556859867938371 0.1221313240043057
13 0.9012912692589875 0.8570936490850377 0.05275862068965517 0.08071044133476857
18 0.96984592809978 0.30002152852529607 0.05048422597212032 0.10758880516684607