9 0.29955979457079973 0.21739504843918192 0.05986793837123991 0.07956942949407966
15 0.504013206162876 0.1582238966630786 0.057916360968451944 0.10922497308934338
15 0.8300146735143067 0.20294940796555436 0.05877476155539252 0.10181916038751346
7 0.5721496698459281 0.10860064585575888 0.06580337490829054 0.10418729817007535
16 0.567050623624358 0.21782561894510227 0.04826852531181219 0.08041980624327233
11 0.6349376375641966 0.06592034445640474 0.048297872340425534 0.08341227125941872
11 0.9674101247248715 0.5078579117330463 0.0456052824651504 0.08460710441334768
0 0.6408584005869405 0.2582884822389666 0.06382245047688921 0.09406889128094725
0 0.9686353631694791 0.6030570505920344 0.06272927366104182 0.09201291711517762
4 0.6285326485693324 0.16820236813778255 0.05566397652237711 0.08344456404736275
14 0.7115040352164343 0.10744886975242195 0.06937637564196625 0.10455328310010764
3 0.7805282465150403 0.1466415500538213 0.07719002201027146 0.123745963401507
5 0.8295597945707998 0.4040904198062433 0.06154805575935437 0.0977287405812702
2 0.6259427732942039 0.36944025834230354 0.07250917094644167 0.10648008611410119